#PATH-POINTS-START Path
-116.149,-148.301,120,22.29999999999997
-115.401,-146.446,120
-114.652,-144.591,120
-113.904,-142.737,120
-113.156,-140.882,120
-112.408,-139.027,120
-111.66,-137.172,120
-110.912,-135.317,120
-110.164,-133.462,120
-109.416,-131.608,120
-108.668,-129.753,120
-107.92,-127.898,120
-107.172,-126.043,120
-106.424,-124.188,120
-105.676,-122.334,120
-104.927,-120.479,120
-104.179,-118.624,120
-103.431,-116.769,120
-102.683,-114.914,120
-101.935,-113.059,120
-101.187,-111.205,120
-100.439,-109.35,120
-99.691,-107.495,120
-98.943,-105.64,120
-98.195,-103.785,120
-97.447,-101.93,120
-96.699,-100.076,120
-95.951,-98.221,120
-95.202,-96.366,120
-94.454,-94.511,120
-93.706,-92.656,120
-92.958,-90.801,120
-92.21,-88.947,120
-91.462,-87.092,120
-90.714,-85.237,120
-89.966,-83.382,120
-89.218,-81.527,120
-88.47,-79.673,120
-87.722,-77.818,120
-86.974,-75.963,120
-86.225,-74.108,120
-85.477,-72.253,120
-84.729,-70.398,120
-83.981,-68.544,120
-83.233,-66.689,120
-82.485,-64.834,120
-81.737,-62.979,120
-80.989,-61.124,120
-80.241,-59.269,120
-79.493,-57.415,120
-78.745,-55.56,120
-77.997,-53.705,120
-77.249,-51.85,120
-76.5,-49.995,120
-75.752,-48.14,120
-75.004,-46.286,120
-74.256,-44.431,120
-73.386,-42.643,120,0
-72.199,-41.034,120
-70.99,-39.441,120
-69.757,-37.866,120
-68.498,-36.312,120
-67.212,-34.781,120
-65.896,-33.274,120
-64.548,-31.797,120
-63.166,-30.351,120
-61.748,-28.941,120
-60.291,-27.572,120
-58.792,-26.248,120
-57.248,-24.977,120
-55.658,-23.763,120
-54.021,-22.615,120
-52.334,-21.541,120
-50.598,-20.548,120
-48.814,-19.644,120
-46.987,-18.833,120
-45.118,-18.121,120
-43.214,-17.51,120
-41.28,-16.998,120
-39.325,-16.58,120
-37.352,-16.251,120
-35.368,-15.999,120
-33.377,-15.813,120
-31.381,-15.682,120
-29.383,-15.591,120
-27.384,-15.531,120
-25.385,-15.487,120
-23.385,-15.45,120
-21.386,-15.411,120
-19.386,-15.36,120
-17.387,-15.289,120
-15.451,-15.056,120,0
-16.034,-15.57,120,42.899999999999935
-17.497,-16.934,120
-18.959,-18.298,120
-20.422,-19.661,120
-21.885,-21.025,120
-23.348,-22.389,120
-24.811,-23.753,120
-26.273,-25.117,120
-27.736,-26.481,120
-29.199,-27.845,120
-30.662,-29.209,120
-32.125,-30.573,120
-33.588,-31.936,120
-35.05,-33.3,120
-36.513,-34.664,120
-37.976,-36.028,120
-39.439,-37.392,120
-40.902,-38.756,120
-42.364,-40.12,120
-43.827,-41.484,120
-45.29,-42.847,120
-46.753,-44.211,120
-48.216,-45.575,120
-49.678,-46.939,120
-51.141,-48.303,120
-52.604,-49.667,120
-54.067,-51.031,120
-55.53,-52.395,120
-56.993,-53.759,120
-58.455,-55.122,120
-59.918,-56.486,120
-61.381,-57.85,120
-62.844,-59.214,120
-64.307,-60.578,120
-65.769,-61.942,120
-67.232,-63.306,120
-68.695,-64.67,120
-70.158,-66.033,120
-71.621,-67.397,120
-73.084,-68.761,120
-74.546,-70.125,120
-76.009,-71.489,120
-77.472,-72.853,120
-78.935,-74.217,120
-80.398,-75.581,120
-81.86,-76.944,120
-83.323,-78.308,120
-84.786,-79.672,120
-86.249,-81.036,120
-87.712,-82.4,120
-89.175,-83.764,120
-90.637,-85.128,120
-92.1,-86.492,120
-93.563,-87.856,120
-95.026,-89.219,120
-96.489,-90.583,120
-97.951,-91.947,120
-99.414,-93.311,120
-100.877,-94.675,120
-102.34,-96.039,120
-103.803,-97.403,120
-105.265,-98.767,120
-106.728,-100.13,120
-108.191,-101.494,120
-109.654,-102.858,120
-111.117,-104.222,120
-112.58,-105.586,120
-114.042,-106.95,120
-115.505,-108.314,120
-116.968,-109.678,120
-118.431,-111.042,120
-119.894,-112.405,120
-121.356,-113.769,120
-122.819,-115.133,120
-124.282,-116.497,120
-125.745,-117.861,120
-127.208,-119.225,120
-128.671,-120.589,120
-130.133,-121.953,120
-131.596,-123.316,120
-133.059,-124.68,120
-134.522,-126.044,120,0
-134.715,-127.451,120,336.4000000000001
-133.347,-128.91,120
-131.979,-130.369,120
-130.611,-131.828,120
-129.243,-133.287,120
-127.876,-134.746,120
-126.508,-136.205,120
-125.14,-137.664,120
-123.772,-139.123,120
-122.404,-140.582,120
-121.036,-142.042,120
-119.668,-143.501,120
-118.3,-144.96,120
-116.933,-146.419,120
-115.565,-147.878,120
-114.197,-149.337,120
-112.829,-150.796,120
-111.461,-152.255,120
-110.093,-153.714,120
-109.174,-155.351,120,0
-107.682,-155.78,120,265.79999999999995
-105.685,-155.677,120
-103.688,-155.574,120
-101.69,-155.471,120
-99.693,-155.367,120
-97.695,-155.264,120
-95.698,-155.161,120
-93.701,-155.058,120
-91.703,-154.955,120
-89.706,-154.852,120
-87.709,-154.749,120
-85.711,-154.646,120
-83.714,-154.543,120
-81.717,-154.44,120
-79.719,-154.337,120
-77.722,-154.233,120
-75.725,-154.13,120
-73.727,-154.027,120
-71.73,-153.924,120
-69.733,-153.821,120
-67.735,-153.718,120
-65.738,-153.615,120
-63.741,-153.512,120
-61.743,-153.409,120
-59.746,-153.306,120
-57.749,-153.203,120
-55.751,-153.099,120
-53.754,-152.996,120
-51.757,-152.893,120
-49.759,-152.79,120
-47.762,-152.687,120
-45.765,-152.584,120
-43.767,-152.481,120
-41.77,-152.378,120
-39.773,-152.275,120
-37.775,-152.172,120
-35.778,-152.069,120
-33.781,-151.966,120
-31.783,-151.862,120
-29.786,-151.759,120
-27.789,-151.656,120
-25.791,-151.553,120
-23.794,-151.45,120
-21.797,-151.347,120
-19.087,-151.207,120,0
-19.087,-151.207,0,0
#PATH.JERRYIO-DATA {"appVersion":"0.5.1","format":"path.jerryio v0.1.x (cm, rpm)","gc":{"robotWidth":12.5,"robotHeight":12,"robotIsHolonomic":false,"showRobot":true,"uol":2.54,"pointDensity":0.7874015748031495,"controlMagnetDistance":1.968503937007874,"fieldImage":{"displayName":"VRC 2024 - Over Under","signature":"VRC 2024 - Over Under","origin":{"__type":"built-in"}}},"paths":[{"segments":[{"controls":[{"uid":"HBtW25pKoX","x":-45.72781214493119,"y":-58.38625173589192,"lock":false,"visible":true,"heading":22.29999999999997,"__type":"end-point"},{"uid":"EB87U2QUzU","x":-29.02379750031562,"y":-16.969448301982062,"lock":false,"visible":true,"heading":0,"__type":"end-point"}],"speedProfiles":[{"uid":"HREIV5Z9YP","xPos":0.5166666666666667,"yPos":1,"followBentRate":false}],"lookaheadKeyframes":[],"uid":"XSKOJdFGld"},{"controls":[{"uid":"EB87U2QUzU","x":-29.02379750031562,"y":-16.969448301982062,"lock":false,"visible":true,"heading":0,"__type":"end-point"},{"uid":"w6pYpLGhZj","x":-20.099734881959353,"y":-4.6130539073349235,"lock":false,"visible":true,"__type":"control"},{"uid":"YVx5izvVgS","x":-14.608004039893952,"y":-6.4436308546900545,"lock":false,"visible":true,"__type":"control"},{"uid":"ayBwfhywji","x":-6.141585658376474,"y":-5.985986617851273,"lock":false,"visible":true,"heading":0,"__type":"end-point"}],"speedProfiles":[],"lookaheadKeyframes":[],"uid":"Ffw9XYOFAf"},{"controls":[{"uid":"ayBwfhywji","x":-6.141585658376474,"y":-5.985986617851273,"lock":false,"visible":true,"heading":0,"__type":"end-point"},{"uid":"2SzN9joxP6","x":-5.912763539957083,"y":-5.757164499431882,"lock":false,"visible":true,"heading":42.899999999999935,"__type":"end-point"}],"speedProfiles":[],"lookaheadKeyframes":[],"uid":"ij8xyN3o1u"},{"controls":[{"uid":"2SzN9joxP6","x":-5.912763539957083,"y":-5.757164499431882,"lock":false,"visible":true,"heading":42.899999999999935,"__type":"end-point"},{"uid":"OgFe7YHbx4","x":-53.278942052771114,"y":-49.91983335437443,"lock":false,"visible":true,"heading":0,"__type":"end-point"}],"speedProfiles":[],"lookaheadKeyframes":[],"uid":"mXYQOiDblf"},{"controls":[{"uid":"OgFe7YHbx4","x":-53.278942052771114,"y":-49.91983335437443,"lock":false,"visible":true,"heading":0,"__type":"end-point"},{"uid":"V2UQMr6czU","x":-53.278942052771114,"y":-49.91983335437443,"lock":false,"visible":true,"heading":336.4000000000001,"__type":"end-point"}],"speedProfiles":[],"lookaheadKeyframes":[],"uid":"fnJ9okGk2J"},{"controls":[{"uid":"V2UQMr6czU","x":-53.278942052771114,"y":-49.91983335437443,"lock":false,"visible":true,"heading":336.4000000000001,"__type":"end-point"},{"uid":"K9vt4UD3m2","x":-42.981946723898496,"y":-60.90329503850522,"lock":false,"visible":true,"heading":0,"__type":"end-point"}],"speedProfiles":[],"lookaheadKeyframes":[],"uid":"2zpKnOmwz7"},{"controls":[{"uid":"K9vt4UD3m2","x":-42.981946723898496,"y":-60.90329503850522,"lock":false,"visible":true,"heading":0,"__type":"end-point"},{"uid":"Cad29C8P7H","x":-42.981946723898496,"y":-61.36093927534401,"lock":false,"visible":true,"heading":265.79999999999995,"__type":"end-point"}],"speedProfiles":[],"lookaheadKeyframes":[],"uid":"c6dDBphYRV"},{"controls":[{"uid":"Cad29C8P7H","x":-42.981946723898496,"y":-61.36093927534401,"lock":false,"visible":true,"heading":265.79999999999995,"__type":"end-point"},{"uid":"O8kIBKWmq1","x":-7.514518368892823,"y":-59.530362327988875,"lock":false,"visible":true,"heading":0,"__type":"end-point"}],"speedProfiles":[],"lookaheadKeyframes":[],"uid":"xMh1hPiXn9"}],"pc":{"speedLimit":{"minLimit":{"value":0,"label":"0"},"maxLimit":{"value":600,"label":"600"},"step":1,"from":40,"to":120},"bentRateApplicableRange":{"minLimit":{"value":0,"label":"0"},"maxLimit":{"value":1.575,"label":"1.575"},"step":0.01,"from":0.551,"to":0.709}},"name":"Path","uid":"ywmtKEIpKV","lock":false,"visible":true}]}