-39.67, -63.11, 0
-59.87, -26.78, 0
-56.76, -54.37, 353.33, backwards
35.72, -58.06, 80
59.03, -26.59, 0
44.85, -45.69, 33.33, backwards
9.1, -34.36, 90, backwards
11.43, -20.37, 206.67, backwards
19.59, -12.56, 243.33, backwards
44.655, -10.46, 270, backwards
6.77, -11.173, 266.67
12.40, 3.59, 213.33, backwards
21.146, 9.42, 250, backwards
45.43, 9.61, 270, backwards
32.83, 9.61, 90
32.61, -58.77, 0, backwards
-56.76, -54.37, 93.33, backwards
35.72, -58.06, 80
59.03, -26.59, 0
44.85, -45.69, 33.33, backwards
9.1, -34.36, 90, backwards
11.43, -20.37, 206.67, backwards
19.59, -12.56, 243.33, backwards
44.655, -10.46, 270, backwards
6.77, -11.173, 266.67
12.40, 3.59, 213.33, backwards
21.146, 9.42, 250, backwards
45.43, 9.61, 270, backwards
32.83, 9.61, 90
32.61, -58.77, 0, backwards