#PATH-POINTS-START Path
-126.61,-141.327,120,0
-125.723,-139.534,120
-124.837,-137.741,120
-123.95,-135.949,120
-123.063,-134.156,120
-122.176,-132.364,120
-121.289,-130.571,120
-120.402,-128.778,120
-119.515,-126.986,120
-118.628,-125.193,120
-117.741,-123.401,120
-116.854,-121.608,120
-115.967,-119.815,120
-115.081,-118.023,120
-114.194,-116.23,120
-113.307,-114.438,120
-112.42,-112.645,120
-111.533,-110.853,120
-110.646,-109.06,120
-109.759,-107.267,120
-108.872,-105.475,120
-107.985,-103.682,120
-107.098,-101.89,120
-106.211,-100.097,120
-105.325,-98.304,120
-104.438,-96.512,120
-103.551,-94.719,120
-102.664,-92.927,120
-101.777,-91.134,120
-100.89,-89.341,120
-100.003,-87.549,120
-99.116,-85.756,120
-98.229,-83.964,120
-97.342,-82.171,120
-96.455,-80.378,120
-95.569,-78.586,120
-94.682,-76.793,120
-93.795,-75.001,120
-92.908,-73.208,120
-92.021,-71.415,120
-91.134,-69.623,120
-90.247,-67.83,120
-89.36,-66.038,120
-88.473,-64.245,120
-87.586,-62.453,120
-86.699,-60.66,120
-85.812,-58.867,120
-84.926,-57.075,120
-84.039,-55.282,120
-83.152,-53.49,120
-82.265,-51.697,120
-81.378,-49.904,120
-80.491,-48.112,120
-79.604,-46.319,120
-78.717,-44.527,120
-77.83,-42.734,120
-76.943,-40.941,120
-76.056,-39.149,120
-75.17,-37.356,120
-74.283,-35.564,120
-73.396,-33.771,120
-72.509,-31.978,120
-71.577,-30.22,120,0
-70.065,-28.911,120
-68.529,-27.63,120
-66.967,-26.382,120
-65.374,-25.173,120
-63.746,-24.01,120
-62.081,-22.903,120
-60.373,-21.863,120
-58.618,-20.903,120
-56.816,-20.036,120
-54.967,-19.277,120
-53.071,-18.639,120
-51.138,-18.127,120
-49.176,-17.744,120
-47.194,-17.48,120
-45.2,-17.318,120
-43.202,-17.241,120
-41.202,-17.226,120
-39.202,-17.254,120
-37.203,-17.307,120
-35.204,-17.373,120
-33.205,-17.439,120
-31.206,-17.498,120
-29.207,-17.544,120
-27.207,-17.571,120
-25.207,-17.576,120
-23.207,-17.559,120
-21.986,-17.935,120,0
-23.13,-19.576,120
-24.274,-21.216,120
-25.419,-22.856,120
-26.563,-24.496,120
-27.707,-26.137,120
-28.852,-27.777,120
-29.996,-29.417,120
-31.141,-31.057,120
-32.285,-32.698,120
-33.429,-34.338,120
-34.574,-35.978,120
-35.718,-37.618,120
-36.862,-39.259,120
-38.007,-40.899,120
-39.151,-42.539,120
-40.295,-44.179,120
-41.44,-45.82,120
-42.584,-47.46,120
-43.729,-49.1,120
-44.873,-50.74,120
-46.017,-52.381,120
-47.162,-54.021,120
-48.306,-55.661,120
-49.45,-57.301,120
-50.595,-58.942,120
-51.739,-60.582,120
-52.883,-62.222,120
-54.028,-63.862,120
-55.172,-65.503,120
-56.317,-67.143,120
-57.461,-68.783,120
-58.605,-70.424,120
-59.75,-72.064,120
-60.894,-73.704,120
-62.038,-75.344,120
-63.183,-76.985,120
-64.327,-78.625,120
-65.471,-80.265,120
-66.616,-81.905,120
-67.76,-83.546,120
-68.905,-85.186,120
-70.049,-86.826,120
-71.193,-88.466,120
-72.338,-90.107,120
-73.482,-91.747,120
-75,-92.928,120,0
-76.842,-93.708,120
-78.688,-94.476,120
-80.54,-95.232,120
-82.396,-95.976,120
-84.258,-96.707,120
-86.125,-97.423,120
-87.998,-98.124,120
-89.877,-98.809,120
-91.763,-99.476,120
-93.654,-100.126,120
-95.553,-100.755,120
-97.458,-101.364,120
-99.37,-101.951,120
-101.288,-102.516,120
-103.214,-103.055,120
-105.147,-103.57,120
-107.086,-104.057,120
-109.033,-104.516,120
-110.986,-104.947,120
-112.946,-105.346,120
-114.912,-105.714,120
-116.883,-106.048,120
-118.861,-106.349,120
-120.843,-106.614,120
-122.83,-106.843,120
-124.821,-107.035,120
-126.815,-107.189,120
-128.811,-107.306,120
-130.81,-107.382,120
-132.809,-107.421,120
-134.809,-107.419,120
-136.809,-107.378,120
-138.807,-107.297,120
-140.804,-107.178,120
-142.797,-107.019,120
-144.788,-106.824,120
-146.774,-106.589,120
-148.755,-106.318,120
-150.732,-106.012,120
-152.702,-105.669,120
-154.666,-105.294,120
-156.624,-104.885,120,0
-157.236,-105.888,120
-156.862,-107.852,120
-156.39,-109.795,120
-155.818,-111.712,120
-155.147,-113.596,120
-154.379,-115.442,120
-153.515,-117.245,120
-152.56,-119.002,120
-151.518,-120.709,120
-150.392,-122.361,120
-149.188,-123.958,120
-147.914,-125.5,120
-146.576,-126.985,120
-145.178,-128.416,120
-143.725,-129.79,120
-142.224,-131.112,120
-140.68,-132.383,120
-139.098,-133.606,120
-137.48,-134.782,120
-135.832,-135.914,120
-134.156,-137.006,120
-132.457,-138.061,120
-130.736,-139.081,120
-128.997,-140.067,120
-127.241,-141.025,120
-125.472,-141.957,120
-123.69,-142.866,120
-121.898,-143.755,120
-120.098,-144.627,120
-118.292,-145.486,120
-116.482,-146.335,120
-114.669,-147.18,120
-112.856,-148.024,120
-111.045,-148.874,120
-109.24,-149.735,120
-107.445,-150.617,120
-105.666,-151.531,120
-103.911,-152.49,120
-102.194,-153.515,120
-100.538,-154.635,120
-98.985,-155.895,120
-97.206,-156.374,120,0
-95.209,-156.268,120
-93.212,-156.162,120
-91.215,-156.056,120
-89.218,-155.95,120
-87.22,-155.844,120
-85.223,-155.738,120
-83.226,-155.632,120
-81.229,-155.526,120
-79.232,-155.42,120
-77.235,-155.314,120
-75.237,-155.209,120
-73.24,-155.103,120
-71.243,-154.997,120
-69.246,-154.891,120
-67.249,-154.785,120
-65.251,-154.679,120
-63.254,-154.573,120
-61.257,-154.467,120
-59.26,-154.361,120
-57.263,-154.255,120
-55.265,-154.149,120
-53.268,-154.043,120
-51.271,-153.938,120
-49.274,-153.832,120
-47.277,-153.726,120
-45.279,-153.62,120
-43.282,-153.514,120
-41.285,-153.408,120
-39.288,-153.302,120
-37.291,-153.196,120
-35.293,-153.09,120
-33.296,-152.984,120
-31.299,-152.878,120
-29.302,-152.773,120
-27.305,-152.667,120
-25.307,-152.561,120
-23.31,-152.455,120
-21.702,-152.37,120,0
-21.702,-152.37,0,0
#PATH.JERRYIO-DATA {"appVersion":"0.5.1","format":"path.jerryio v0.1.x (cm, rpm)","gc":{"robotWidth":12.5,"robotHeight":12,"robotIsHolonomic":false,"showRobot":true,"uol":2.54,"pointDensity":0.7874015748031495,"controlMagnetDistance":1.968503937007874,"fieldImage":{"displayName":"VRC 2024 - Over Under","signature":"VRC 2024 - Over Under","origin":{"__type":"built-in"}}},"paths":[{"segments":[{"controls":[{"uid":"se0KulUy6W","x":-49.84661027648024,"y":-55.64038631485922,"lock":false,"visible":true,"heading":0,"__type":"end-point"},{"uid":"BkqXuL1Vtv","x":-28.22292008584775,"y":-11.935361696755452,"lock":false,"visible":true,"heading":0,"__type":"end-point"}],"speedProfiles":[],"lookaheadKeyframes":[],"uid":"AiNJnyrMVX"},{"controls":[{"uid":"BkqXuL1Vtv","x":-28.22292008584775,"y":-11.935361696755452,"lock":false,"visible":true,"heading":0,"__type":"end-point"},{"uid":"1LZnCafgUq","x":-20.44296805958844,"y":-5.070698144173708,"lock":false,"visible":true,"__type":"control"},{"uid":"qfoRdnT4ma","x":-17.925924756975135,"y":-7.1300972099482305,"lock":false,"visible":true,"__type":"control"},{"uid":"uFvRfRjYyx","x":-8.544217901780085,"y":-6.901275091528839,"lock":false,"visible":true,"heading":0,"__type":"end-point"}],"speedProfiles":[],"lookaheadKeyframes":[],"uid":"nIjsivgFSI"},{"controls":[{"uid":"uFvRfRjYyx","x":-8.544217901780085,"y":-6.901275091528839,"lock":false,"visible":true,"heading":0,"__type":"end-point"},{"uid":"Ogt03fxnio","x":-29.138208559525314,"y":-36.419328367630335,"lock":false,"visible":true,"heading":0,"__type":"end-point"}],"speedProfiles":[],"lookaheadKeyframes":[],"uid":"h7bY6Ow7PU"},{"controls":[{"uid":"Ogt03fxnio","x":-29.138208559525314,"y":-36.419328367630335,"lock":false,"visible":true,"heading":0,"__type":"end-point"},{"uid":"O3t5t1q1OP","x":-41.380191894962756,"y":-41.68223709127634,"lock":false,"visible":true,"__type":"control"},{"uid":"oe6xDvSok4","x":-50.761898750157805,"y":-43.74163615705086,"lock":false,"visible":true,"__type":"control"},{"uid":"fFm5gQQXhd","x":-61.97418255270799,"y":-41.22459285443756,"lock":false,"visible":true,"heading":0,"__type":"end-point"}],"speedProfiles":[],"lookaheadKeyframes":[],"uid":"Lc7wfWXz6Y"},{"controls":[{"uid":"fFm5gQQXhd","x":-61.97418255270799,"y":-41.22459285443756,"lock":false,"visible":true,"heading":0,"__type":"end-point"},{"uid":"TWZk5tNvYE","x":-60.14360560535285,"y":-54.72509784118165,"lock":false,"visible":true,"__type":"control"},{"uid":"mF6fjwUhJg","x":-42.75312460547911,"y":-57.470963262214354,"lock":false,"visible":true,"__type":"control"},{"uid":"7GCZ3dZIJO","x":-38.74873753313976,"y":-61.589761393763396,"lock":false,"visible":true,"heading":0,"__type":"end-point"}],"speedProfiles":[],"lookaheadKeyframes":[],"uid":"GyR28pgyAq"},{"controls":[{"uid":"7GCZ3dZIJO","x":-38.74873753313976,"y":-61.589761393763396,"lock":false,"visible":true,"heading":0,"__type":"end-point"},{"uid":"7cTcesglJk","x":-8.544217901780085,"y":-59.98800656482766,"lock":false,"visible":true,"heading":0,"__type":"end-point"}],"speedProfiles":[],"lookaheadKeyframes":[],"uid":"6KvbTL3jUr"}],"pc":{"speedLimit":{"minLimit":{"value":0,"label":"0"},"maxLimit":{"value":600,"label":"600"},"step":1,"from":40,"to":120},"bentRateApplicableRange":{"minLimit":{"value":0,"label":"0"},"maxLimit":{"value":1.575,"label":"1.575"},"step":0.01,"from":0.551,"to":0.709}},"name":"Path","uid":"J5SKPu9W1G","lock":false,"visible":true}]}