#PATH-POINTS-START Path
24.794,-148.882,120,0
26.78,-148.642,120
28.762,-148.377,120
30.741,-148.088,120
32.716,-147.774,120
34.687,-147.436,120
36.655,-147.075,120
38.618,-146.694,120
40.577,-146.29,120
42.531,-145.864,120
44.481,-145.419,120
46.426,-144.954,120
48.367,-144.47,120
50.302,-143.966,120
52.232,-143.443,120
54.158,-142.904,120
56.079,-142.346,120
57.994,-141.771,120
59.904,-141.177,120
61.809,-140.568,120
63.709,-139.942,120
65.603,-139.301,120
67.492,-138.643,120
69.375,-137.968,120
71.252,-137.279,120
73.124,-136.575,120
74.99,-135.855,120
76.85,-135.12,120
78.704,-134.37,120
80.552,-133.605,120
82.394,-132.826,120
84.23,-132.033,120
86.059,-131.225,120
87.882,-130.402,120
89.699,-129.565,120
91.509,-128.714,120
93.312,-127.85,120
95.108,-126.969,120
96.897,-126.075,120
98.679,-125.167,120
100.454,-124.246,120
102.221,-123.309,120
103.98,-122.357,120
105.731,-121.391,120
107.475,-120.412,120
109.21,-119.416,120
110.936,-118.406,120
112.653,-117.381,120
114.361,-116.341,120
116.059,-115.284,120
117.748,-114.213,120
119.427,-113.126,120
121.094,-112.021,120
122.751,-110.9,120
124.396,-109.764,120
126.028,-108.607,120
127.648,-107.435,120
129.255,-106.244,120
130.847,-105.033,120
132.425,-103.804,120
133.985,-102.553,120
135.53,-101.283,120
137.056,-99.99,120
138.564,-98.676,120
140.049,-97.337,120
141.514,-95.975,120
142.952,-94.586,120
144.365,-93.17,120
145.75,-91.727,120
147.101,-90.253,120
148.418,-88.747,120
149.695,-87.209,120
150.929,-85.635,120
152.113,-84.023,120
153.24,-82.371,120
152.982,-81.837,120,0
151.151,-82.643,120
149.316,-83.437,120
147.474,-84.218,120
145.628,-84.985,120
143.774,-85.738,120
141.915,-86.474,120
140.049,-87.193,120
138.176,-87.895,120
136.296,-88.577,120
134.409,-89.239,120
132.514,-89.881,120
130.612,-90.499,120
128.703,-91.094,120
126.786,-91.665,120
124.862,-92.211,120
122.93,-92.728,120
120.991,-93.218,120
119.045,-93.679,120
117.092,-94.109,120
115.132,-94.507,120
113.165,-94.872,120
111.193,-95.203,120
109.215,-95.499,120
107.232,-95.758,120
105.244,-95.979,120
103.253,-96.162,120
101.258,-96.304,120
99.26,-96.406,120
97.261,-96.465,120
95.261,-96.482,120
93.262,-96.455,120
91.263,-96.383,120
89.266,-96.267,120
87.273,-96.105,120
85.284,-95.896,120
83.3,-95.643,120
81.323,-95.342,120,0
79.349,-95.019,120
77.378,-94.682,120
75.409,-94.328,120
73.445,-93.954,120
71.485,-93.556,120
69.53,-93.132,120
67.583,-92.676,120
65.644,-92.185,120
63.716,-91.653,120
61.801,-91.076,120
59.902,-90.45,120
58.021,-89.772,120
56.16,-89.039,120
54.321,-88.252,120
52.507,-87.41,120
50.717,-86.517,120
48.953,-85.576,120
47.211,-84.593,120
45.492,-83.57,120
43.794,-82.515,120
42.113,-81.431,120
40.448,-80.322,120
38.797,-79.194,120
37.157,-78.049,120
35.527,-76.891,120
33.904,-75.721,120
32.289,-74.542,120
30.678,-73.357,120
29.072,-72.165,120
27.468,-70.97,120
26.053,-69.781,120,0
27.772,-68.759,120
29.491,-67.737,120
31.211,-66.715,120
32.93,-65.694,120
34.649,-64.672,120
36.368,-63.65,120
38.088,-62.628,120
39.807,-61.606,120
41.526,-60.584,120
43.246,-59.563,120
44.965,-58.541,120
46.684,-57.519,120
48.403,-56.497,120
50.123,-55.475,120
51.842,-54.453,120
53.561,-53.432,120
55.28,-52.41,120
57,-51.388,120
58.719,-50.366,120
60.438,-49.344,120
62.157,-48.322,120
63.877,-47.301,120
65.596,-46.279,120
67.315,-45.257,120
69.034,-44.235,120
70.754,-43.213,120
72.473,-42.192,120
74.192,-41.17,120
75.912,-40.148,120
77.631,-39.126,120
79.35,-38.104,120
81.069,-37.082,120
82.789,-36.061,120
84.508,-35.039,120
86.227,-34.017,120
88.008,-33.206,120,0
90.007,-33.135,120
92.006,-33.063,120
94.005,-32.992,120
96.003,-32.92,120
98.002,-32.849,120
100.001,-32.778,120
101.999,-32.706,120
103.998,-32.633,120,0
105.472,-32.127,120
103.541,-31.628,120
101.562,-31.338,120
99.573,-31.129,120
97.579,-30.972,120
95.582,-30.857,120
93.584,-30.78,120
91.584,-30.737,120
89.585,-30.726,120
87.585,-30.745,120
85.585,-30.795,120
83.587,-30.876,120
81.59,-30.985,120
79.595,-31.125,120
77.602,-31.295,120
75.612,-31.496,120
73.626,-31.727,120
71.643,-31.991,120
69.665,-32.286,120
67.693,-32.617,120
65.726,-32.98,120
63.767,-33.382,120
61.815,-33.819,120
59.872,-34.293,120
57.94,-34.81,120
56.019,-35.365,120
54.111,-35.965,120
52.218,-36.609,120
50.34,-37.296,120
48.482,-38.036,120
46.643,-38.823,120
44.827,-39.661,120
43.039,-40.556,120
41.277,-41.502,120
39.549,-42.508,120
37.856,-43.574,120
36.2,-44.695,120
34.593,-45.885,120
33.03,-47.133,120
31.52,-48.443,120
30.07,-49.82,120
28.676,-51.255,120
27.355,-52.756,120
26.103,-54.315,120
24.921,-55.928,120
23.826,-57.602,120
22.808,-59.323,120
21.87,-61.089,120
21.026,-62.902,120
20.265,-64.751,120
19.585,-66.631,120
18.994,-68.542,120
18.491,-70.477,120
18.067,-72.432,120
17.722,-74.401,120
17.452,-76.383,120
17.256,-78.373,120,0
16.693,-80.288,120
16.107,-82.2,120
15.542,-84.119,120
15.003,-86.045,120
14.497,-87.98,120
14.035,-89.926,120
13.632,-91.884,120
13.314,-93.859,120
13.123,-95.849,120
13.14,-97.847,120
13.526,-99.804,120
14.537,-101.512,120
16.195,-102.602,120
18.13,-103.089,120
20.123,-103.235,120
22.123,-103.203,120
24.119,-103.076,120
26.111,-102.9,120
28.101,-102.701,120
30.09,-102.497,120
31.188,-102.386,120,0
31.188,-102.386,0,0
#PATH.JERRYIO-DATA {"appVersion":"0.5.1","format":"path.jerryio v0.1.x (cm, rpm)","gc":{"robotWidth":12.5,"robotHeight":12,"robotIsHolonomic":false,"showRobot":true,"uol":2.54,"pointDensity":0.7874015748031495,"controlMagnetDistance":1.968503937007874,"fieldImage":{"displayName":"VRC 2024 - Over Under","signature":"VRC 2024 - Over Under","origin":{"__type":"built-in"}}},"paths":[{"segments":[{"controls":[{"uid":"BzZvtJ4ruU","x":9.761551571771232,"y":-58.615073854311305,"lock":false,"visible":true,"heading":0,"__type":"end-point"},{"uid":"IDEj4ZJ30q","x":29.89789799267768,"y":-56.3268526701174,"lock":false,"visible":true,"__type":"control"},{"uid":"PiHpBLwVQe","x":53.695398308294386,"y":-43.05516980179267,"lock":false,"visible":true,"__type":"control"},{"uid":"5oNZ5rv2sU","x":60.56006186087613,"y":-32.0717081176619,"lock":false,"visible":true,"heading":0,"__type":"end-point"}],"speedProfiles":[],"lookaheadKeyframes":[],"uid":"QCaLB9kOPW"},{"controls":[{"uid":"5oNZ5rv2sU","x":60.56006186087613,"y":-32.0717081176619,"lock":false,"visible":true,"heading":0,"__type":"end-point"},{"uid":"72UXD5psGR","x":51.86482136093926,"y":-35.961684130791554,"lock":false,"visible":true,"__type":"control"},{"uid":"zGGxV6e7Zo","x":42.25429238732482,"y":-39.16519378866303,"lock":false,"visible":true,"__type":"control"},{"uid":"XTRO2Iiwkj","x":32.18611917687159,"y":-37.56343895972729,"lock":false,"visible":true,"heading":0,"__type":"end-point"}],"speedProfiles":[],"lookaheadKeyframes":[],"uid":"Jm1XrEzAXm"},{"controls":[{"uid":"XTRO2Iiwkj","x":32.18611917687159,"y":-37.56343895972729,"lock":false,"visible":true,"heading":0,"__type":"end-point"},{"uid":"AB6cPauu5q","x":22.117945966418368,"y":-35.961684130791554,"lock":false,"visible":true,"__type":"control"},{"uid":"aKTXDCbunC","x":19.372080545385675,"y":-34.359929301855814,"lock":false,"visible":true,"__type":"control"},{"uid":"Z5t6C9du2G","x":10.219195808610015,"y":-27.495265749274072,"lock":false,"visible":true,"heading":0,"__type":"end-point"}],"speedProfiles":[],"lookaheadKeyframes":[],"uid":"oCke1iDat1"},{"controls":[{"uid":"Z5t6C9du2G","x":10.219195808610015,"y":-27.495265749274072,"lock":false,"visible":true,"heading":0,"__type":"end-point"},{"uid":"3ZOFeIE3os","x":34.47434036106551,"y":-13.079472288852408,"lock":false,"visible":true,"heading":0,"__type":"end-point"}],"speedProfiles":[],"lookaheadKeyframes":[],"uid":"NPRY71mrV0"},{"controls":[{"uid":"3ZOFeIE3os","x":34.47434036106551,"y":-13.079472288852408,"lock":false,"visible":true,"heading":0,"__type":"end-point"},{"uid":"jmvh7GS20u","x":40.88135967680847,"y":-12.850650170433017,"lock":false,"visible":true,"heading":0,"__type":"end-point"}],"speedProfiles":[],"lookaheadKeyframes":[],"uid":"Xa8XLfxZpF"},{"controls":[{"uid":"jmvh7GS20u","x":40.88135967680847,"y":-12.850650170433017,"lock":false,"visible":true,"heading":0,"__type":"end-point"},{"uid":"mSbQCrRfZa","x":47.288378992551436,"y":-12.621828052013626,"lock":false,"visible":true,"__type":"control"},{"uid":"ASBJioV1nY","x":8.617440979674274,"y":-6.901275091528839,"lock":false,"visible":true,"__type":"control"},{"uid":"fDB4qo7U2x","x":6.786864032319143,"y":-30.92759752556494,"lock":false,"visible":true,"heading":0,"__type":"end-point"}],"speedProfiles":[],"lookaheadKeyframes":[],"uid":"mBEdDjKZIk"},{"controls":[{"uid":"fDB4qo7U2x","x":6.786864032319143,"y":-30.92759752556494,"lock":false,"visible":true,"heading":0,"__type":"end-point"},{"uid":"dOWDePrYhq","x":3.3545322560282713,"y":-41.68223709127634,"lock":false,"visible":true,"__type":"control"},{"uid":"jahCTk1BcG","x":5.413931321802794,"y":-40.995770736018166,"lock":false,"visible":true,"__type":"control"},{"uid":"CjQ92IfQdy","x":12.278594874384538,"y":-40.30930438075999,"lock":false,"visible":true,"heading":0,"__type":"end-point"}],"speedProfiles":[],"lookaheadKeyframes":[],"uid":"NgsXOuc3WQ"}],"pc":{"speedLimit":{"minLimit":{"value":0,"label":"0"},"maxLimit":{"value":600,"label":"600"},"step":1,"from":40,"to":120},"bentRateApplicableRange":{"minLimit":{"value":0,"label":"0"},"maxLimit":{"value":1.575,"label":"1.575"},"step":0.01,"from":0.551,"to":0.709}},"name":"Path","uid":"J5SKPu9W1G","lock":false,"visible":true}]}