#PATH-POINTS-START Path
-125.448,-140.745,120,63.59999999999971
-122.935,-141.105,120,101.90000000000002
-120.42,-141.465,120
-117.906,-141.824,120
-115.391,-142.183,120
-112.877,-142.542,120
-110.362,-142.901,120
-107.848,-143.261,120
-105.333,-143.62,120
-102.819,-143.979,120
-100.304,-144.338,120
-97.79,-144.697,120
-95.275,-145.056,120
-92.761,-145.416,120
-90.246,-145.775,120
-87.732,-146.134,120
-85.218,-146.493,120
-82.703,-146.852,120
-80.189,-147.211,120
-77.674,-147.571,120
-75.16,-147.93,120
-72.645,-148.289,120
-70.131,-148.648,120
-67.616,-149.007,120
-65.102,-149.367,120
-62.587,-149.726,120
-60.073,-150.085,120
-57.558,-150.444,120
-55.044,-150.803,120
-52.529,-151.162,120
-50.015,-151.522,120
-47.5,-151.881,120
-44.986,-152.24,120
-42.482,-152.077,120,90
-39.983,-151.62,120
-37.485,-151.163,120
-34.986,-150.706,120
-32.487,-150.249,120
-29.989,-149.792,120
-27.49,-149.335,120
-24.992,-148.878,120
-22.493,-148.421,120
-19.995,-147.964,120
-17.496,-147.507,120
-14.998,-147.05,120
-12.499,-146.593,120
-10.001,-146.136,120
-7.502,-145.679,120
-5.004,-145.222,120
-2.505,-144.765,120
-0.006,-144.307,120
2.492,-143.85,120
4.991,-143.393,120
7.489,-142.936,120
9.988,-142.479,120
12.486,-142.022,120
14.985,-141.565,120
17.483,-141.108,120
19.982,-140.651,120
22.48,-140.194,120
24.979,-139.737,120
27.478,-139.28,120
29.976,-138.823,120
32.475,-138.366,120
34.973,-137.909,120
37.472,-137.452,120
39.97,-136.995,120
42.469,-136.538,120
44.967,-136.081,120
47.466,-135.623,120
49.964,-135.166,120
52.463,-134.709,120
54.961,-134.252,120
57.46,-133.795,120
59.959,-133.338,120
62.457,-132.881,120
64.956,-132.424,120
67.454,-131.967,120
69.953,-131.51,120
72.451,-131.053,120
74.95,-130.596,120
77.448,-130.139,120
79.947,-129.682,120
82.445,-129.225,120
84.944,-128.768,120
87.442,-128.311,120
89.941,-127.854,120
92.44,-127.396,120
94.938,-126.939,120
97.437,-126.482,120,63.600000000000115
98.273,-125.365,120,332.2000000000001
96.769,-123.318,120
95.265,-121.271,120
93.761,-119.224,120
92.258,-117.177,120
90.754,-115.13,120
89.25,-113.083,120
87.746,-111.036,120
86.242,-108.989,120
84.738,-106.942,120
83.235,-104.895,120
81.731,-102.848,120
80.227,-100.801,120
78.723,-98.754,120
76.766,-97.327,120,293.9999999999995
74.36,-96.514,120
71.953,-95.7,120
69.547,-94.887,120
67.141,-94.074,120
64.735,-93.26,120
62.328,-92.447,120
59.922,-91.634,120
57.516,-90.82,120
55.11,-90.007,120
52.703,-89.193,120
50.297,-88.38,120
47.891,-87.567,120
45.485,-86.753,120
43.078,-85.94,120
40.672,-85.127,120
38.266,-84.313,120
36.354,-82.964,120,316.59999999999974
35.348,-80.631,120
34.342,-78.299,120
33.336,-75.967,120
32.33,-73.635,120
31.324,-71.302,120
30.317,-68.97,120
29.311,-66.638,120
28.305,-64.306,120
27.299,-61.973,120
26.293,-59.641,120
25.287,-57.309,120
24.281,-54.977,120
24.011,-52.513,120,0
24.149,-49.977,120
24.286,-47.44,120
24.424,-44.904,120
24.562,-42.368,120
24.699,-39.832,120
24.837,-37.295,120
24.974,-34.759,120
25.112,-32.223,120
25.25,-29.687,120
25.387,-27.15,120
25.525,-24.614,120
25.663,-22.078,120
25.8,-19.541,120
25.938,-17.005,120
26.076,-14.469,120
26.213,-11.933,120
26.351,-9.396,120
26.488,-6.86,120
26.626,-4.324,120
26.764,-1.788,120
26.901,0.749,120
27.039,3.285,120
27.177,5.821,120
27.314,8.357,120
27.452,10.894,120
27.589,13.43,120
27.727,15.966,120
27.865,18.503,120
28.125,20.99,120,33.7
29.76,22.934,120
31.395,24.878,120
33.03,26.822,120
34.664,28.766,120
36.299,30.71,120
37.934,32.654,120
39.568,34.598,120
41.203,36.542,120
42.838,38.486,120
44.473,40.43,120
46.107,42.374,120
47.742,44.318,120
49.377,46.262,120,65.89999999999998
51.843,46.212,120
54.375,46.005,120
56.907,45.799,120
59.438,45.592,120
61.97,45.385,120
64.501,45.179,120
67.033,44.972,120
69.564,44.765,120
72.096,44.559,120
74.628,44.352,120
77.159,44.145,120
79.423,43.148,120,115.89999999999999
81.56,41.774,120
83.696,40.401,120
85.833,39.027,120
87.969,37.654,120
90.106,36.28,120
92.243,34.907,120
94.379,33.533,120
96.516,32.16,120
98.652,30.786,120
100.789,29.413,120
102.926,28.039,120
105.062,26.666,120
107.199,25.292,120
109.335,23.919,120
109.668,23.893,120,126.90000000000003
107.745,25.553,120
105.823,27.212,120
103.9,28.872,120
101.977,30.532,120
100.054,32.191,120
98.132,33.851,120
96.209,35.511,120
94.286,37.17,120
92.363,38.83,120
90.441,40.49,120
88.518,42.149,120
86.595,43.809,120
84.672,45.469,120
82.75,47.129,120
80.827,48.788,120
78.904,50.448,120
76.981,52.108,120
75.058,53.767,120
73.136,55.427,120
71.213,57.087,120
69.29,58.746,120
67.367,60.406,120
65.445,62.066,120
63.522,63.726,120
61.599,65.385,120
59.676,67.045,120
57.754,68.705,120
55.831,70.364,120,131.5
54.734,69.057,120,215.90000000000006
53.945,66.642,120
53.157,64.228,120
52.368,61.813,120
51.579,59.399,120
50.79,56.985,120
50.002,54.57,120
49.213,52.156,120
48.424,49.741,120
47.635,47.327,120
46.847,44.912,120
46.058,42.498,120
45.269,40.083,120
44.481,37.669,120
43.692,35.255,120
42.903,32.84,120
42.114,30.426,120
41.326,28.011,120
40.537,25.597,120
39.748,23.182,120
38.959,20.768,120
38.171,18.354,120
37.382,15.939,120
36.593,13.525,120
35.805,11.11,120
35.016,8.696,120
34.227,6.281,120
33.438,3.867,120
32.65,1.452,120
31.861,-0.962,120
31.072,-3.376,120
30.283,-5.791,120
29.495,-8.205,120
28.706,-10.62,120
27.917,-13.034,120
27.129,-15.449,120
27.778,-17.622,120,180
29.311,-19.647,120
30.844,-21.673,120
32.376,-23.698,120
33.909,-25.724,120
35.442,-27.749,120
36.975,-29.775,120
38.507,-31.8,120
40.04,-33.825,120
41.573,-35.851,120
43.105,-37.876,120
44.638,-39.902,120
46.171,-41.927,120
47.704,-43.953,120
49.236,-45.978,120
50.769,-48.004,120
52.302,-50.029,120
53.834,-52.054,120
55.367,-54.08,120
56.9,-56.105,120
58.433,-58.131,120,141.9000000000001
59.755,-58.475,120,16.699999999999953
60.742,-56.135,120
61.73,-53.795,120
62.717,-51.454,120
63.704,-49.114,120
64.692,-46.774,120
65.679,-44.434,120
66.667,-42.093,120
67.654,-39.753,120
68.641,-37.413,120
69.629,-35.073,120
70.616,-32.732,120
71.603,-30.392,120
72.591,-28.052,120
73.578,-25.712,120
74.566,-23.372,120
76.144,-21.55,120,54.600000000000016
78.336,-20.268,120
80.529,-18.985,120
82.721,-17.703,120
84.914,-16.42,120
87.106,-15.138,120
89.299,-13.856,120
91.491,-12.573,120
93.684,-11.291,120
95.876,-10.008,120
98.069,-8.726,120
100.261,-7.444,120
102.454,-6.161,120
104.646,-4.879,120
104.754,-4.161,120,90
102.214,-4.161,120
99.674,-4.161,120
97.134,-4.161,120
94.594,-4.161,120
92.054,-4.161,120
89.514,-4.161,120
86.974,-4.161,120,90
86.693,-6.419,120,0
86.693,-8.959,120
86.693,-11.499,120
86.693,-14.039,120
86.693,-16.579,120
86.693,-19.119,120
86.693,-21.659,120
86.693,-24.199,120
86.693,-26.739,120
86.693,-29.279,120
86.693,-31.819,120
86.693,-34.359,120
86.693,-36.899,120
86.693,-39.439,120
86.693,-41.979,120
86.693,-44.519,120
86.693,-47.059,120
86.693,-49.599,120
86.693,-52.139,120
86.693,-54.679,120
86.693,-57.219,120
86.693,-59.759,120
86.693,-62.299,120
86.693,-64.839,120
86.693,-67.379,120
86.693,-69.919,120
86.693,-72.459,120
86.693,-74.999,120
86.693,-77.539,120
86.693,-80.079,120
86.693,-82.619,120
86.693,-85.159,120
86.693,-87.699,120
86.693,-90.239,120
86.693,-92.779,120
86.693,-95.319,120
86.693,-97.859,120
86.693,-100.399,120
86.693,-102.939,120
86.693,-105.479,120
86.693,-108.019,120
86.693,-110.559,120
86.693,-113.099,120
86.693,-115.639,120
86.693,-118.179,120
86.693,-120.719,120
86.693,-123.259,120
86.693,-125.799,120
86.693,-128.339,120
86.693,-130.879,120
86.693,-133.419,120
86.693,-135.959,120
86.693,-138.499,120
86.693,-141.039,120
86.693,-143.579,120
86.693,-146.119,120
86.693,-148.659,120,0
85.54,-150.076,120,90
83.001,-150.144,120
80.462,-150.212,120
77.923,-150.279,120
75.384,-150.347,120
72.844,-150.415,120
70.305,-150.482,120
67.766,-150.55,120
65.227,-150.618,120
62.688,-150.685,120
60.149,-150.753,120
57.61,-150.821,120
55.071,-150.889,120
52.532,-150.956,120
49.993,-151.024,120
47.453,-151.092,120
44.914,-151.159,120
42.375,-151.227,120
39.836,-151.295,120
37.297,-151.362,120
34.758,-151.43,120
32.219,-151.498,120
29.68,-151.565,120
27.141,-151.633,120
24.602,-151.701,120
22.063,-151.769,120
19.523,-151.836,120
16.984,-151.904,120
14.445,-151.972,120
11.906,-152.039,120
9.367,-152.107,120
6.828,-152.175,120
4.289,-152.242,120
1.75,-152.31,120
-0.789,-152.378,120
-3.328,-152.445,120
-5.868,-152.513,120
-8.407,-152.581,120
-10.946,-152.649,120
-13.485,-152.716,120
-16.024,-152.784,120
-18.563,-152.852,120
-21.102,-152.919,120
-23.641,-152.987,120
-26.18,-153.055,120
-28.719,-153.122,120
-31.259,-153.19,120
-33.798,-153.258,120
-36.337,-153.326,120
-38.876,-153.393,120
-41.415,-153.461,120
-43.954,-153.529,120,90
-46.467,-153.174,120
-48.979,-152.797,120
-51.491,-152.42,120
-54.003,-152.043,120
-56.515,-151.666,120
-59.027,-151.29,120
-61.539,-150.913,120
-64.051,-150.536,120
-66.562,-150.159,120
-69.074,-149.782,120
-71.586,-149.406,120
-74.098,-149.029,120
-76.61,-148.652,120
-79.122,-148.275,120
-81.634,-147.898,120
-84.146,-147.521,120
-86.658,-147.145,120
-89.169,-146.768,120
-91.681,-146.391,120
-94.193,-146.014,120
-96.705,-145.637,120
-99.217,-145.261,120
-101.729,-144.884,120
-104.241,-144.507,120
-106.753,-144.13,120
-109.265,-143.753,120
-111.776,-143.376,120
-114.288,-143,120
-116.8,-142.623,120
-119.312,-142.246,120
-121.824,-141.869,120
-124.336,-141.492,120,104.09999999999998
-125.448,-141.326,120,63.6
-125.448,-141.326,0,63.6
#PATH.JERRYIO-DATA {"appVersion":"0.5.1","format":"path.jerryio v0.1.x (cm, rpm)","gc":{"robotWidth":12.5,"robotHeight":12,"robotIsHolonomic":false,"showRobot":true,"uol":2.54,"pointDensity":1,"controlMagnetDistance":1.968503937007874,"fieldImage":{"displayName":"VRC 2024 - Over Under","signature":"VRC 2024 - Over Under","origin":{"__type":"built-in"}}},"paths":[{"segments":[{"controls":[{"uid":"iHEFvYhTlT","x":-49.389,"y":-55.411564196439826,"lock":false,"visible":true,"heading":63.59999999999971,"__type":"end-point"},{"uid":"mjHZx9lK4J","x":-49.389,"y":-55.412,"lock":false,"visible":true,"heading":101.90000000000002,"__type":"end-point"}],"speedProfiles":[],"lookaheadKeyframes":[],"uid":"NSu7gfuLL9"},{"controls":[{"uid":"mjHZx9lK4J","x":-49.389,"y":-55.412,"lock":false,"visible":true,"heading":101.90000000000002,"__type":"end-point"},{"uid":"e8ta0XjSWB","x":-17.353869460926656,"y":-59.98800656482766,"lock":false,"visible":true,"heading":90,"__type":"end-point"}],"speedProfiles":[],"lookaheadKeyframes":[],"uid":"fQdxl6RUHd"},{"controls":[{"uid":"e8ta0XjSWB","x":-17.353869460926656,"y":-59.98800656482766,"lock":false,"visible":true,"heading":90,"__type":"end-point"},{"uid":"i3VRLkWxsq","x":38.936,"y":-49.69101123595504,"lock":false,"visible":true,"heading":63.600000000000115,"__type":"end-point"}],"speedProfiles":[],"lookaheadKeyframes":[],"uid":"rBkGC8HxeA"},{"controls":[{"uid":"i3VRLkWxsq","x":38.936,"y":-49.69101123595504,"lock":false,"visible":true,"heading":63.600000000000115,"__type":"end-point"},{"uid":"o2h01RBbgP","x":38.936,"y":-49.691,"lock":false,"visible":true,"heading":332.2000000000001,"__type":"end-point"}],"speedProfiles":[],"lookaheadKeyframes":[],"uid":"HQljU8ibG8"},{"controls":[{"uid":"o2h01RBbgP","x":38.936,"y":-49.691,"lock":false,"visible":true,"heading":332.2000000000001,"__type":"end-point"},{"uid":"AplswZh2DR","x":30.69877540714555,"y":-38.47872743340486,"lock":false,"visible":true,"heading":293.9999999999995,"__type":"end-point"}],"speedProfiles":[],"lookaheadKeyframes":[],"uid":"D8BfL83297"},{"controls":[{"uid":"AplswZh2DR","x":30.69877540714555,"y":-38.47872743340486,"lock":false,"visible":true,"heading":293.9999999999995,"__type":"end-point"},{"uid":"odxMAdLBXe","x":14.452404999368758,"y":-32.98699659133946,"lock":false,"visible":true,"heading":316.59999999999974,"__type":"end-point"}],"speedProfiles":[],"lookaheadKeyframes":[],"uid":"3xfNq7qufU"},{"controls":[{"uid":"odxMAdLBXe","x":14.452404999368758,"y":-32.98699659133946,"lock":false,"visible":true,"heading":316.59999999999974,"__type":"end-point"},{"uid":"t0WlhFMbJJ","x":9.418318394142146,"y":-21.317068551950502,"lock":false,"visible":true,"heading":0,"__type":"end-point"}],"speedProfiles":[],"lookaheadKeyframes":[],"uid":"ZvZplXN9rN"},{"controls":[{"uid":"t0WlhFMbJJ","x":9.418318394142146,"y":-21.317068551950502,"lock":false,"visible":true,"heading":0,"__type":"end-point"},{"uid":"xMgBIsPGjf","x":11.020073223077885,"y":8.200984724150997,"lock":false,"visible":true,"heading":33.7,"__type":"end-point"}],"speedProfiles":[],"lookaheadKeyframes":[],"uid":"Lq6fhXRKJk"},{"controls":[{"uid":"xMgBIsPGjf","x":11.020073223077885,"y":8.200984724150997,"lock":false,"visible":true,"heading":33.7,"__type":"end-point"},{"uid":"2Wco3jfphs","x":19.48649160459537,"y":18.26915793460422,"lock":false,"visible":true,"heading":65.89999999999998,"__type":"end-point"}],"speedProfiles":[],"lookaheadKeyframes":[],"uid":"StE1pmmkrZ"},{"controls":[{"uid":"2Wco3jfphs","x":19.48649160459537,"y":18.26915793460422,"lock":false,"visible":true,"heading":65.89999999999998,"__type":"end-point"},{"uid":"TzrHhDKtsC","x":30.69877540714555,"y":17.353869460926656,"lock":false,"visible":true,"heading":115.89999999999999,"__type":"end-point"}],"speedProfiles":[],"lookaheadKeyframes":[],"uid":"ee49Ehd6Lz"},{"controls":[{"uid":"TzrHhDKtsC","x":30.69877540714555,"y":17.353869460926656,"lock":false,"visible":true,"heading":115.89999999999999,"__type":"end-point"},{"uid":"OY5u2CYwwf","x":43.512814038631475,"y":9.116273197828562,"lock":false,"visible":true,"heading":126.90000000000003,"__type":"end-point"}],"speedProfiles":[],"lookaheadKeyframes":[],"uid":"zUTY5GjGY1"},{"controls":[{"uid":"OY5u2CYwwf","x":43.512814038631475,"y":9.116273197828562,"lock":false,"visible":true,"heading":126.90000000000003,"__type":"end-point"},{"uid":"8bpVMWRnQ7","x":21.775,"y":27.88,"lock":false,"visible":true,"heading":131.5,"__type":"end-point"}],"speedProfiles":[],"lookaheadKeyframes":[],"uid":"uJGsWCMr5N"},{"controls":[{"uid":"8bpVMWRnQ7","x":21.775,"y":27.88,"lock":false,"visible":true,"heading":131.5,"__type":"end-point"},{"uid":"CEYoYCxQvt","x":21.775,"y":27.88,"lock":false,"visible":true,"heading":215.90000000000006,"__type":"end-point"}],"speedProfiles":[],"lookaheadKeyframes":[],"uid":"Sbf3x2x64A"},{"controls":[{"uid":"CEYoYCxQvt","x":21.775,"y":27.88,"lock":false,"visible":true,"heading":215.90000000000006,"__type":"end-point"},{"uid":"hWKqTXufO4","x":10.562428986239102,"y":-6.443630854690056,"lock":false,"visible":true,"heading":180,"__type":"end-point"}],"speedProfiles":[],"lookaheadKeyframes":[],"uid":"eXs30igFKL"},{"controls":[{"uid":"hWKqTXufO4","x":10.562428986239102,"y":-6.443630854690056,"lock":false,"visible":true,"heading":180,"__type":"end-point"},{"uid":"3pOwKoED5X","x":23.376,"y":-23.376467617725023,"lock":false,"visible":true,"heading":141.9000000000001,"__type":"end-point"}],"speedProfiles":[],"lookaheadKeyframes":[],"uid":"kIyWj63Iqj"},{"controls":[{"uid":"3pOwKoED5X","x":23.376,"y":-23.376467617725023,"lock":false,"visible":true,"heading":141.9000000000001,"__type":"end-point"},{"uid":"8twoOtUnqT","x":23.376,"y":-23.376,"lock":false,"visible":true,"heading":16.699999999999953,"__type":"end-point"}],"speedProfiles":[],"lookaheadKeyframes":[],"uid":"ZZ4H60YUvA"},{"controls":[{"uid":"8twoOtUnqT","x":23.376,"y":-23.376,"lock":false,"visible":true,"heading":16.699999999999953,"__type":"end-point"},{"uid":"TOxCM0Ij1F","x":29.554664815048593,"y":-8.731852038883972,"lock":false,"visible":true,"heading":54.600000000000016,"__type":"end-point"}],"speedProfiles":[],"lookaheadKeyframes":[],"uid":"28T9FkeRSW"},{"controls":[{"uid":"TOxCM0Ij1F","x":29.554664815048593,"y":-8.731852038883972,"lock":false,"visible":true,"heading":54.600000000000016,"__type":"end-point"},{"uid":"S7r4cYgLNK","x":41.68223709127634,"y":-1.6383663678828355,"lock":false,"visible":true,"heading":90,"__type":"end-point"}],"speedProfiles":[],"lookaheadKeyframes":[],"uid":"M0EYVUuph4"},{"controls":[{"uid":"S7r4cYgLNK","x":41.68223709127634,"y":-1.6383663678828355,"lock":false,"visible":true,"heading":90,"__type":"end-point"},{"uid":"q2CVH5bAUp","x":34.131,"y":-1.6383663678828355,"lock":false,"visible":true,"heading":90,"__type":"end-point"}],"speedProfiles":[],"lookaheadKeyframes":[],"uid":"LEnM3azoNu"},{"controls":[{"uid":"q2CVH5bAUp","x":34.131,"y":-1.6383663678828355,"lock":false,"visible":true,"heading":90,"__type":"end-point"},{"uid":"oteiG1JGNX","x":34.131,"y":-1.638,"lock":false,"visible":true,"heading":0,"__type":"end-point"}],"speedProfiles":[],"lookaheadKeyframes":[],"uid":"CYB8FCBW2E"},{"controls":[{"uid":"oteiG1JGNX","x":34.131,"y":-1.638,"lock":false,"visible":true,"heading":0,"__type":"end-point"},{"uid":"OcJr4EOBIT","x":34.131,"y":-59.072718091150094,"lock":false,"visible":true,"heading":0,"__type":"end-point"}],"speedProfiles":[],"lookaheadKeyframes":[],"uid":"W1zddJ1k3B"},{"controls":[{"uid":"OcJr4EOBIT","x":34.131,"y":-59.072718091150094,"lock":false,"visible":true,"heading":0,"__type":"end-point"},{"uid":"bOxHWDh90I","x":34.131,"y":-59.073,"lock":false,"visible":true,"heading":90,"__type":"end-point"}],"speedProfiles":[],"lookaheadKeyframes":[],"uid":"4s2zNQdnlI"},{"controls":[{"uid":"bOxHWDh90I","x":34.131,"y":-59.073,"lock":false,"visible":true,"heading":90,"__type":"end-point"},{"uid":"1cqZFqvHQr","x":-17.353869460926656,"y":-60.44565080166644,"lock":false,"visible":true,"heading":90,"__type":"end-point"}],"speedProfiles":[],"lookaheadKeyframes":[],"uid":"eB3Cn38mkE"},{"controls":[{"uid":"1cqZFqvHQr","x":-17.353869460926656,"y":-60.44565080166644,"lock":false,"visible":true,"heading":90,"__type":"end-point"},{"uid":"RYr0YIXP3u","x":-49.389,"y":-55.64,"lock":false,"visible":true,"heading":104.09999999999998,"__type":"end-point"}],"speedProfiles":[],"lookaheadKeyframes":[],"uid":"4cn3tlzW8O"},{"controls":[{"uid":"RYr0YIXP3u","x":-49.389,"y":-55.64,"lock":false,"visible":true,"heading":104.09999999999998,"__type":"end-point"},{"uid":"Sd7OTh7iiQ","x":-49.389,"y":-55.64,"lock":false,"visible":true,"heading":63.6,"__type":"end-point"}],"speedProfiles":[],"lookaheadKeyframes":[],"uid":"W9B8pnMTCB"}],"pc":{"speedLimit":{"minLimit":{"value":0,"label":"0"},"maxLimit":{"value":600,"label":"600"},"step":1,"from":40,"to":120},"bentRateApplicableRange":{"minLimit":{"value":0,"label":"0"},"maxLimit":{"value":2,"label":"2"},"step":0.01,"from":0.7,"to":0.9}},"name":"Path","uid":"rDhgW9ylxG","lock":false,"visible":true}]}