#PATH-POINTS-START Path
100.642,-140.745,120,0
99.559,-139.064,120
98.476,-137.382,120
97.394,-135.701,120
96.311,-134.019,120
95.228,-132.338,120
94.145,-130.656,120
93.063,-128.974,120
91.98,-127.293,120
90.897,-125.611,120
89.814,-123.93,120
88.732,-122.248,120
87.649,-120.567,120
86.566,-118.885,120
85.483,-117.204,120
84.401,-115.522,120
83.318,-113.84,120
82.235,-112.159,120
81.152,-110.477,120
80.07,-108.796,120
78.987,-107.114,120
77.904,-105.433,120
76.821,-103.751,120
75.739,-102.07,120
74.656,-100.388,120
73.573,-98.706,120
72.49,-97.025,120
71.408,-95.343,120
70.325,-93.662,120
69.242,-91.98,120
68.159,-90.299,120
67.076,-88.617,120
65.994,-86.936,120
64.911,-85.254,120
63.828,-83.572,120
62.745,-81.891,120
61.663,-80.209,120
60.58,-78.528,120
59.497,-76.846,120
58.414,-75.165,120
57.332,-73.483,120
56.249,-71.802,120
55.166,-70.12,120
54.083,-68.438,120
53.001,-66.757,120
51.918,-65.075,120
50.835,-63.394,120
49.752,-61.712,120
48.67,-60.031,120
47.587,-58.349,120
46.504,-56.668,120
45.421,-54.986,120
44.339,-53.304,120
43.256,-51.623,120
42.173,-49.941,120
41.09,-48.26,120
40.008,-46.578,120
38.925,-44.897,120
37.842,-43.215,120
36.759,-41.534,120
35.676,-39.852,120
34.594,-38.17,120
33.511,-36.489,120
32.428,-34.807,120
31.345,-33.126,120
30.263,-31.444,120
29.18,-29.763,120
28.097,-28.081,120
27.014,-26.4,120
25.932,-24.718,120
24.849,-23.036,120
24.211,-21.596,120,0
26.211,-21.581,120
28.211,-21.567,120
30.211,-21.552,120
32.211,-21.538,120
34.211,-21.524,120
36.211,-21.509,120
38.211,-21.495,120
40.211,-21.481,120
42.211,-21.466,120
44.211,-21.452,120
46.211,-21.437,120
48.211,-21.423,120
50.211,-21.409,120
52.211,-21.394,120
54.211,-21.38,120
56.211,-21.365,120
58.211,-21.351,120
60.21,-21.337,120
62.21,-21.322,120
64.21,-21.308,120
66.21,-21.293,120
68.21,-21.279,120
70.21,-21.265,120
72.21,-21.25,120
74.21,-21.236,120
76.21,-21.222,120
78.21,-21.207,120
80.21,-21.193,120
82.21,-21.178,120
84.21,-21.164,120
86.21,-21.15,120
88.21,-21.135,120
90.21,-21.121,120
92.21,-21.106,120
94.21,-21.092,120
96.21,-21.078,120
98.209,-21.063,120
100.209,-21.049,120
102.209,-21.034,120
104.209,-21.02,120,0
103.325,-21.588,120
101.476,-22.351,120
99.627,-23.114,120
97.779,-23.877,120
95.93,-24.64,120
94.081,-25.403,120
92.232,-26.166,120
90.384,-26.929,120
88.535,-27.692,120
86.686,-28.455,120
84.838,-29.218,120
82.989,-29.981,120
81.14,-30.744,120
79.291,-31.507,120
77.443,-32.27,120
75.594,-33.033,120
73.745,-33.796,120
71.896,-34.559,120
70.048,-35.322,120
68.199,-36.085,120
66.35,-36.848,120
64.501,-37.611,120
62.653,-38.374,120
60.804,-39.137,120
58.955,-39.9,120
57.106,-40.663,120
55.258,-41.426,120
53.409,-42.189,120
51.56,-42.952,120
49.711,-43.715,120
47.863,-44.478,120
46.014,-45.241,120
44.165,-46.003,120
42.316,-46.766,120
40.468,-47.529,120
38.619,-48.292,120
36.77,-49.055,120
34.921,-49.818,120
33.073,-50.581,120
31.73,-51.351,120,0
33.559,-52.159,120
35.389,-52.967,120
37.218,-53.775,120
39.048,-54.583,120
40.877,-55.391,120
42.707,-56.199,120
44.536,-57.007,120
46.366,-57.815,120
48.195,-58.624,120
50.025,-59.432,120
51.854,-60.24,120
53.684,-61.048,120
55.513,-61.856,120
57.343,-62.664,120
59.172,-63.472,120
61.002,-64.28,120
62.831,-65.088,120
64.66,-65.896,120
66.49,-66.705,120
68.319,-67.513,120
70.149,-68.321,120
71.978,-69.129,120
73.808,-69.937,120
75.637,-70.745,120
77.467,-71.553,120
79.296,-72.361,120
81.126,-73.169,120
82.955,-73.978,120
84.785,-74.786,120
86.614,-75.594,120
88.444,-76.402,120
90.273,-77.21,120
92.102,-78.018,120
93.932,-78.826,120
95.761,-79.634,120
97.591,-80.442,120
99.42,-81.251,120
101.25,-82.059,120
103.079,-82.867,120
104.909,-83.675,120
106.738,-84.483,120
108.568,-85.291,120
110.397,-86.099,120
112.227,-86.907,120
114.056,-87.715,120
115.886,-88.524,120
117.715,-89.332,120
119.545,-90.14,120
121.374,-90.948,120
123.203,-91.756,120
125.033,-92.564,120
126.059,-93.776,120,0
125.631,-95.73,120
125.223,-97.688,120
124.835,-99.65,120
124.465,-101.615,120
124.109,-103.584,120
123.765,-105.554,120
123.427,-107.525,120
123.088,-109.496,120
122.74,-111.466,120
122.373,-113.432,120
121.973,-115.391,120
121.525,-117.34,120
121.01,-119.273,120
120.409,-121.18,120
119.702,-123.05,120
118.874,-124.87,120
117.916,-126.626,120
116.828,-128.303,120
115.619,-129.896,120
114.302,-131.401,120
112.892,-132.818,120
111.406,-134.157,120
109.858,-135.422,120
108.259,-136.623,120
106.619,-137.768,120
104.945,-138.863,120
103.245,-139.917,120
101.522,-140.932,120
99.781,-141.915,120
98.023,-142.871,120
96.253,-143.8,120,0
94.383,-144.466,120
92.432,-144.905,120
90.48,-145.34,120
88.527,-145.768,120
86.571,-146.189,120
84.614,-146.602,120
82.655,-147.003,120
80.693,-147.392,120
78.729,-147.768,120
76.761,-148.128,120
74.791,-148.47,120
72.817,-148.794,120
70.84,-149.097,120
68.86,-149.378,120
66.877,-149.636,120
64.891,-149.871,120
62.902,-150.081,120
60.911,-150.267,120
58.917,-150.429,120
56.922,-150.568,120
54.925,-150.682,120
52.928,-150.774,120
50.929,-150.845,120
48.929,-150.894,120
46.93,-150.924,120
44.93,-150.935,120
42.93,-150.929,120
40.93,-150.907,120
38.93,-150.869,120
36.931,-150.817,120
34.932,-150.752,120
32.933,-150.675,120
30.935,-150.586,120
28.938,-150.487,120
26.941,-150.378,120
24.944,-150.261,120
22.948,-150.134,120
22.244,-150.032,120,0
24.244,-149.992,120
26.243,-149.952,120
28.243,-149.913,120
30.242,-149.873,120
32.242,-149.833,120
34.242,-149.793,120
36.241,-149.754,120
38.241,-149.714,120
40.24,-149.674,120
42.24,-149.635,120
44.24,-149.595,120
46.239,-149.555,120
48.239,-149.515,120
50.238,-149.476,120
52.238,-149.436,120
54.238,-149.396,120
56.237,-149.357,120
58.237,-149.317,120
60.237,-149.277,120
62.236,-149.237,120
64.236,-149.198,120
66.235,-149.158,120
68.235,-149.118,120
70.235,-149.078,120
72.234,-149.039,120
74.234,-148.999,120
76.233,-148.959,120
78.233,-148.92,120
80.233,-148.88,120
82.232,-148.84,120
84.232,-148.8,120
86.231,-148.761,120
88.231,-148.721,120
90.231,-148.681,120
92.23,-148.641,120
94.23,-148.602,120
96.229,-148.562,120
98.229,-148.522,120
100.229,-148.483,120
102.228,-148.443,120
104.228,-148.403,120
106.227,-148.363,120
108.227,-148.324,120
110.224,-148.234,120,0
112.215,-148.04,120
114.198,-147.783,120
116.171,-147.455,120
118.128,-147.043,120
120.062,-146.537,120
121.964,-145.919,120
123.82,-145.175,120
125.614,-144.291,120
127.325,-143.258,120
128.935,-142.072,120
130.426,-140.74,120
131.792,-139.28,120
133.038,-137.717,120
134.182,-136.077,120
135.248,-134.384,120
136.263,-132.661,120
137.252,-130.923,120
138.243,-129.185,120
139.254,-127.46,120
140.305,-125.758,120
141.407,-124.089,120
142.571,-122.463,120
143.801,-120.886,120
145.1,-119.366,120
146.468,-117.907,120
147.901,-116.512,120
149.395,-115.183,120
150.944,-113.919,120
152.546,-112.721,120
154.192,-111.585,120
155.857,-110.498,120,0
155.857,-108.498,120
155.857,-106.498,120
155.857,-104.498,120
155.857,-102.498,120
155.857,-100.498,120
155.857,-98.498,120
155.857,-96.498,120
155.857,-94.498,120
155.857,-92.498,120
155.857,-90.498,120
155.857,-88.498,120
155.857,-86.498,120
155.857,-84.498,120
155.857,-82.498,120
155.857,-80.498,120
155.857,-78.498,120
155.857,-76.231,120,0
155.857,-76.231,0,0
#PATH.JERRYIO-DATA {"appVersion":"0.5.1","format":"path.jerryio v0.1.x (cm, rpm)","gc":{"robotWidth":12.5,"robotHeight":12,"robotIsHolonomic":false,"showRobot":true,"uol":2.54,"pointDensity":0.7874015748031495,"controlMagnetDistance":1.968503937007874,"fieldImage":{"displayName":"VRC 2024 - Over Under","signature":"VRC 2024 - Over Under","origin":{"__type":"built-in"}}},"paths":[{"segments":[{"controls":[{"uid":"iTknLXwOZX","x":39.62283802550182,"y":-55.411564196439826,"lock":false,"visible":true,"heading":0,"__type":"end-point"},{"uid":"KbDyJgIcT3","x":9.418318394142146,"y":-8.503029920464579,"lock":false,"visible":true,"heading":0,"__type":"end-point"}],"speedProfiles":[],"lookaheadKeyframes":[],"uid":"cIA04qzil0"},{"controls":[{"uid":"KbDyJgIcT3","x":9.418318394142146,"y":-8.503029920464579,"lock":false,"visible":true,"heading":0,"__type":"end-point"},{"uid":"R0W0HKZ1mQ","x":41.22459285443756,"y":-8.274207802045188,"lock":false,"visible":true,"heading":0,"__type":"end-point"}],"speedProfiles":[],"lookaheadKeyframes":[],"uid":"dv6928zgJ3"},{"controls":[{"uid":"R0W0HKZ1mQ","x":41.22459285443756,"y":-8.274207802045188,"lock":false,"visible":true,"heading":0,"__type":"end-point"},{"uid":"hbMHsA6Uoe","x":12.393005933594234,"y":-20.172957959853544,"lock":false,"visible":true,"heading":0,"__type":"end-point"}],"speedProfiles":[],"lookaheadKeyframes":[],"uid":"qeyj0p0rKi"},{"controls":[{"uid":"hbMHsA6Uoe","x":12.393005933594234,"y":-20.172957959853544,"lock":false,"visible":true,"heading":0,"__type":"end-point"},{"uid":"F9fgeSUv4v","x":49.69101123595504,"y":-36.64815048604973,"lock":false,"visible":true,"heading":0,"__type":"end-point"}],"speedProfiles":[],"lookaheadKeyframes":[],"uid":"nEpsAboTPA"},{"controls":[{"uid":"F9fgeSUv4v","x":49.69101123595504,"y":-36.64815048604973,"lock":false,"visible":true,"heading":0,"__type":"end-point"},{"uid":"vKqnbSP0Km","x":47.173967933341736,"y":-47.63161217018052,"lock":false,"visible":true,"__type":"control"},{"uid":"r0XywsOuOb","x":49.23336699911626,"y":-50.835121828051996,"lock":false,"visible":true,"__type":"control"},{"uid":"ls5dkkylZK","x":37.56343895972729,"y":-56.78449690695618,"lock":false,"visible":true,"heading":0,"__type":"end-point"}],"speedProfiles":[],"lookaheadKeyframes":[],"uid":"mQTOUQjOYu"},{"controls":[{"uid":"ls5dkkylZK","x":37.56343895972729,"y":-56.78449690695618,"lock":false,"visible":true,"heading":0,"__type":"end-point"},{"uid":"jIsauI8kLk","x":27.495265749274072,"y":-59.072718091150094,"lock":false,"visible":true,"__type":"control"},{"uid":"XlhdA0KHkm","x":22.003534907208675,"y":-59.98800656482766,"lock":false,"visible":true,"__type":"control"},{"uid":"DUns20QdXE","x":8.503029920464579,"y":-59.072718091150094,"lock":false,"visible":true,"heading":0,"__type":"end-point"}],"speedProfiles":[],"lookaheadKeyframes":[],"uid":"308NNKQISb"},{"controls":[{"uid":"DUns20QdXE","x":8.503029920464579,"y":-59.072718091150094,"lock":false,"visible":true,"heading":0,"__type":"end-point"},{"uid":"N2tQnR09qt","x":43.05516980179269,"y":-58.38625173589192,"lock":false,"visible":true,"heading":0,"__type":"end-point"}],"speedProfiles":[],"lookaheadKeyframes":[],"uid":"Vgk2FSoQmZ"},{"controls":[{"uid":"N2tQnR09qt","x":43.05516980179269,"y":-58.38625173589192,"lock":false,"visible":true,"heading":0,"__type":"end-point"},{"uid":"hpKZBFbfhR","x":55.86920843327861,"y":-57.470963262214354,"lock":false,"visible":true,"__type":"control"},{"uid":"JBxm09TTMf","x":51.29276606489078,"y":-49.691011235955045,"lock":false,"visible":true,"__type":"control"},{"uid":"EE21oPk5e1","x":61.36093927534401,"y":-43.512814038631475,"lock":false,"visible":true,"heading":0,"__type":"end-point"}],"speedProfiles":[],"lookaheadKeyframes":[],"uid":"7tHhPbptto"},{"controls":[{"uid":"EE21oPk5e1","x":61.36093927534401,"y":-43.512814038631475,"lock":false,"visible":true,"heading":0,"__type":"end-point"},{"uid":"QeQvc1zEO3","x":61.36093927534401,"y":-30.012309051887375,"lock":false,"visible":true,"heading":0,"__type":"end-point"}],"speedProfiles":[],"lookaheadKeyframes":[],"uid":"MAqUIIHNAu"}],"pc":{"speedLimit":{"minLimit":{"value":0,"label":"0"},"maxLimit":{"value":600,"label":"600"},"step":1,"from":40,"to":120},"bentRateApplicableRange":{"minLimit":{"value":0,"label":"0"},"maxLimit":{"value":1.575,"label":"1.575"},"step":0.01,"from":0.551,"to":0.709}},"name":"Path","uid":"J5SKPu9W1G","lock":false,"visible":true}]}